0.001037018208
-0.000000000000
-0.001037018208
1.000000000000
-1.986194124622
0.988237080691
1.000000000000
-1.996419779642
1.000000000000
1.000000000000
-1.992104632297
0.994635266984
1.000000000000
-1.998820599384
1.000000000000
1.000000000000
-1.993991828884
0.995652527092
0.001208870347
-0.000000000000
-0.001208870347
1.000000000000
-1.981494344290
0.986277282612
1.000000000000
-1.992629838551
1.000000000000
1.000000000000
-1.988239631539
0.993878529034
1.000000000000
-1.996853726103
1.000000000000
1.000000000000
-1.990694818396
0.994784568158
0.001399863850
-0.000000000000
-0.001399863850
1.000000000000
-1.974709039443
0.984095796219
1.000000000000
-1.986535566086
1.000000000000
1.000000000000
-1.982221490791
0.992992004179
1.000000000000
-1.993352655997
1.000000000000
1.000000000000
-1.985602938311
0.993860494110
0.001622877000
0.000000000000
-0.001622877000
1.000000000000
-1.964916183740
0.981544113400
1.000000000000
-1.977168397013
1.000000000000
1.000000000000
-1.973157057173
0.991927200121
1.000000000000
-1.987668454778
1.000000000000
1.000000000000
-1.977913890255
0.992804580094
0.001890520010
0.000000000000
-0.001890520010
1.000000000000
-1.950864679300
0.978475512597
1.000000000000
-1.963125494343
1.000000000000
1.000000000000
-1.959774950997
0.990627001394
1.000000000000
-1.978884918464
1.000000000000
1.000000000000
-1.966526095211
0.991550352690
0.002189163738
0.000000000000
-0.002189163738
1.000000000000
-1.931213367178
0.975043552134
1.000000000000
-1.942668646377
1.000000000000
1.000000000000
-1.940557702809
0.989167447632
1.000000000000
-1.965664838953
1.000000000000
1.000000000000
-1.950044304106
0.990147706491
0.002531154587
0.000000000000
-0.002531154587
1.000000000000
-1.903886674396
0.971103410900
1.000000000000
-1.913405246115
1.000000000000
1.000000000000
-1.913333410939
0.987484645357
1.000000000000
-1.946337473431
1.000000000000
1.000000000000
-1.926565805823
0.988537618952
0.002941211305
-0.000000000000
-0.002941211305
1.000000000000
-1.865900835274
0.966365319708
1.000000000000
-1.871849883342
1.000000000000
1.000000000000
-1.874977426345
0.985449792743
1.000000000000
-1.918633076182
1.000000000000
1.000000000000
-1.893421462138
0.986603020749
0.003405166335
-0.000000000000
-0.003405166335
1.000000000000
-1.813792382548
0.960986984968
1.000000000000
-1.813739924058
1.000000000000
1.000000000000
-1.821670821891
0.983137375708
1.000000000000
-1.879225041561
1.000000000000
1.000000000000
-1.847112582063
0.984396831562
0.003940523841
-0.000000000000
-0.003940523841
1.000000000000
-1.742757288865
0.954758881897
1.000000000000
-1.733322199279
1.000000000000
1.000000000000
-1.748252493753
0.980454847216
1.000000000000
-1.824010883074
1.000000000000
1.000000000000
-1.783081156805
0.981829945880
0.004557757417
-0.000000000000
-0.004557757417
1.000000000000
-1.646670592968
0.947550564565
1.000000000000
-1.623200354238
1.000000000000
1.000000000000
-1.648070395272
0.977346853039
1.000000000000
-1.747478707045
1.000000000000
1.000000000000
-1.695351021870
0.978839883123
0.005272818453
0.000000000000
-0.005272818453
1.000000000000
-1.517747707940
0.939165326736
1.000000000000
-1.473963131404
1.000000000000
1.000000000000
-1.512637724872
0.973730060825
1.000000000000
-1.642514238595
1.000000000000
1.000000000000
-1.576256110662
0.975332899588
0.006082531013
-0.000000000000
-0.006082531013
1.000000000000
-1.346900768945
0.929629716694
1.000000000000
-1.274905743919
1.000000000000
1.000000000000
-1.332032826208
0.969625646312
1.000000000000
-1.499992807878
1.000000000000
1.000000000000
-1.416415951073
0.971297306648
0.007019533546
-0.000000000000
-0.007019533546
1.000000000000
-1.123450944499
0.918548361397
1.000000000000
-1.013381438610
1.000000000000
1.000000000000
-1.094557346441
0.964870878953
1.000000000000
-1.309465805573
1.000000000000
1.000000000000
-1.204909553125
0.966541170257
0.008096970328
-0.000000000000
-0.008096970328
1.000000000000
-0.836282386975
0.905755489707
1.000000000000
-0.677066606139
1.000000000000
1.000000000000
-0.788092435653
0.959420909062
1.000000000000
-1.058496366578
1.000000000000
1.000000000000
-0.929547356565
0.960943650127
0.009327369044
-0.000000000000
-0.009327369044
1.000000000000
-0.476285899348
0.891098281103
1.000000000000
-0.257562201887
1.000000000000
1.000000000000
-0.402937225448
0.953263656285
1.000000000000
-0.734582784885
1.000000000000
1.000000000000
-0.579142727276
0.954356135569
